free   active   specul inactive throttle    wired  prgable   faults     copy    0fill reactive   purged file-backed anonymous cmprssed cmprssor  dcomprs   comprs  pageins  pageout  swapins swapouts
  880135  1124332   193212   925287        0   609587   361929 44304321  1035572 35572061  1438056  1430435      370963   1871868  1350112   461183  1234566  2945105  1603258     6757   836760  1132923 
  876781  1123417   193213   927693        0   611394   363437     3629        0     4192        0        0      370964   1873359  1350111   461183        1        0        0        0        0        0 
  874268  1125502   193213   929710        0   609862   364970     2604        0     2603        0        0      370964   1877461  1350111   461183        0        0        0        0        0        0 
  871412  1126744   193212   931053        0   609867   364970     3638      158     2807        0        0      370963   1880046  1350106   461183       27        0        0        0        0        0 
  868848  1128118   193212   932300        0   609872   364970     3898        0     3893        0        0      370963   1882667  1350106   461183        0        0        0        0        0        0 
  866315  1129455   193213   933704        0   609692   365068     2577        0     2576        0        0      370964   1885408  1350106   461183        0        0        0        0        0        0 
  895417  1113803   193213   920138        0   609576   365068       25        2       17        0        0      370964   1856190  1350105   461183        1        0        0        0        0        0 
  896991  1112262   193213   920126        0   609576   363535       16        0       15        0        0      370964   1854637  1350105   461183        0        0        0        0        0        0 
  897003  1112273   193213   920126        0   609576   363535       20        0       19        0        0      370964   1854648  1350105   461183        0        0        0        0        0        0 
  897061  1112262   193213   920093        0   609576   363535       11        0       10        0        0      370964   1854604  1350105   461183        0        0        0        0        0        0 
  897142  1112273   193213   920093        0   609576   363535       71        0       66        0        0      370964   1854615  1350101   461183        4        0        0        0        0        0 
  897200  1112385   193213   920080        0   609576   363535      152        0      151        0        0      370964   1854714  1350101   461183        0        0        0        0        0        0 
  897226  1112376   193213   920075        0   609576   363535        9        0        8        0        0      370964   1854700  1350101   461183        0        0        0        0        0        0 
  897055  1108749   193213   914351        0   618965   363327      110        0      114        0        0      370964   1845349  1350101   461183        0        0        0        0        0        0 